org_id remap_id
919 0
2918 1
2687 2
2398 3
2018 4
150 5
527 6
3408 7
2804 8
1022 9
1545 10
2028 11
1287 12
1035 13
2762 14
2692 15
1962 16
48 17
2791 18
1566 19
1193 20
608 21
2340 22
1028 23
531 24
1097 25
914 26
2321 27
3186 28
594 29
1207 30
2294 31
2797 32
783 33
595 34
1197 35
588 36
1721 37
1029 38
1961 39
745 40
3114 41
2628 42
1253 43
3108 44
1610 45
2002 46
920 47
2916 48
1537 49
2852 50
498 51
648 52
2943 53
1385 54
3095 55
3030 56
3147 57
1247 58
459 59
1953 60
2427 61
95 62
1198 63
1245 64
2501 65
1442 66
3035 67
1090 68
349 69
1124 70
1597 71
2353 72
2312 73
1917 74
780 75
593 76
3068 77
1408 78
480 79
1955 80
1687 81
2268 82
1188 83
3809 84
380 85
2396 86
1084 87
1527 88
2194 89
442 90
2067 91
2728 92
1096 93
3418 94
1690 95
3893 96
647 97
1873 98
1801 99
2278 100
3105 101
1957 102
2126 103
1244 104
3107 105
1293 106
1544 107
3471 108
736 109
589 110
21 111
1210 112
1225 113
590 114
1259 115
1265 116
163 117
2236 118
2006 119
1246 120
3255 121
2490 122
457 123
1217 124
2571 125
3257 126
3678 127
368 128
1196 129
2881 130
1213 131
1103 132
3735 133
1370 134
3334 135
356 136
165 137
1954 138
110 139
3256 140
1834 141
1049 142
1394 143
1615 144
2355 145
3534 146
2617 147
3421 148
3168 149
3671 150
1431 151
1304 152
3619 153
2858 154
1266 155
2735 156
2470 157
2115 158
2997 159
1291 160
1968 161
653 162
104 163
1079 164
1261 165
1379 166
2081 167
1270 168
552 169
3868 170
3468 171
1201 172
260 173
2947 174
3527 175
1240 176
1036 177
1214 178
1387 179
1643 180
3793 181
908 182
265 183
3100 184
1509 185
1759 186
1884 187
1466 188
509 189
3786 190
2725 191
3266 192
2058 193
2188 194
176 195
2759 196
272 197
34 198
1279 199
24 200
52 201
733 202
1732 203
551 204
1683 205
3578 206
224 207
2987 208
3249 209
714 210
1500 211
2770 212
1653 213
1885 214
1268 215
2734 216
1966 217
2159 218
288 219
1580 220
3051 221
2959 222
3260 223
3113 224
377 225
968 226
1704 227
2359 228
2580 229
1513 230
2428 231
800 232
1243 233
1093 234
229 235
299 236
1650 237
1730 238
1046 239
1485 240
1923 241
860 242
2029 243
1535 244
1788 245
1722 246
2282 247
506 248
2952 249
2599 250
2395 251
1089 252
3409 253
36 254
1529 255
1909 256
1635 257
1392 258
321 259
41 260
1912 261
2289 262
1729 263
2070 264
3046 265
2683 266
896 267
1554 268
1719 269
2291 270
1747 271
1794 272
357 273
866 274
50 275
3744 276
2384 277
3728 278
1171 279
2908 280
2390 281
1734 282
348 283
2333 284
1449 285
2607 286
3083 287
2013 288
1127 289
1175 290
562 291
3163 292
215 293
1250 294
296 295
3176 296
1191 297
2318 298
3476 299
1921 300
412 301
501 302
3016 303
194 304
1095 305
2890 306
581 307
2723 308
1617 309
3386 310
3513 311
1594 312
1649 313
1684 314
1715 315
2700 316
2806 317
1296 318
3536 319
3508 320
2966 321
3524 322
3699 323
1043 324
199 325
912 326
1007 327
383 328
1088 329
3717 330
1569 331
1441 332
17 333
1959 334
2406 335
1030 336
2469 337
3610 338
1806 339
1947 340
3074 341
3685 342
1688 343
2802 344
597 345
364 346
3753 347
1380 348
3600 349
1101 350
3565 351
2017 352
2506 353
2082 354
3501 355
6 356
861 357
474 358
538 359
3252 360
1488 361
1678 362
1639 363
1411 364
161 365
1573 366
2688 367
465 368
58 369
1589 370
1357 371
2320 372
650 373
1810 374
282 375
4 376
253 377
337 378
266 379
2442 380
524 381
2329 382
2023 383
3425 384
3500 385
3173 386
1120 387
16 388
1840 389
73 390
1673 391
476 392
2336 393
3213 394
510 395
105 396
1277 397
2541 398
2297 399
3528 400
1274 401
111 402
1476 403
1 404
393 405
555 406
3155 407
2699 408
230 409
14 410
1393 411
2314 412
39 413
508 414
2429 415
3259 416
1735 417
3250 418
2702 419
1059 420
3246 421
1916 422
3148 423
151 424
1693 425
2686 426
2324 427
1836 428
318 429
3751 430
1584 431
3948 432
1060 433
1784 434
1682 435
428 436
1552 437
805 438
3298 439
1358 440
25 441
720 442
3916 443
1233 444
3623 445
529 446
3178 447
3755 448
1446 449
1356 450
367 451
2302 452
1307 453
223 454
162 455
778 456
1223 457
300 458
1343 459
2166 460
47 461
1148 462
3826 463
3452 464
838 465
3253 466
994 467
3510 468
969 469
3675 470
1276 471
1269 472
2371 473
3153 474
2640 475
2300 476
1292 477
3099 478
344 479
2047 480
2622 481
1320 482
963 483
765 484
904 485
1271 486
3525 487
116 488
520 489
2000 490
2662 491
1374 492
750 493
3489 494
926 495
3629 496
596 497
2100 498
1234 499
2009 500
370 501
2043 502
3869 503
542 504
2453 505
3175 506
2096 507
3247 508
586 509
3608 510
351 511
2252 512
180 513
2137 514
2496 515
1091 516
2826 517
3593 518
1517 519
2 520
1125 521
923 522
2968 523
671 524
858 525
541 526
2407 527
3703 528
2874 529
248 530
435 531
3066 532
1257 533
1756 534
2967 535
2138 536
1104 537
2946 538
943 539
3264 540
587 541
3037 542
1278 543
203 544
2108 545
1294 546
1918 547
3688 548
3702 549
3296 550
1136 551
2111 552
1252 553
2405 554
1967 555
1020 556
3451 557
1204 558
1375 559
2431 560
954 561
918 562
3363 563
1230 564
802 565
902 566
2498 567
1283 568
2161 569
1371 570
3447 571
1948 572
2174 573
2657 574
2423 575
1286 576
1019 577
2090 578
924 579
3174 580
2041 581
2033 582
915 583
2094 584
3591 585
2105 586
3723 587
2015 588
2091 589
3481 590
2005 591
2530 592
1376 593
898 594
1012 595
1203 596
2948 597
1409 598
2080 599
3309 600
3039 601
2040 602
1215 603
3928 604
3087 605
3439 606
2045 607
3194 608
1345 609
1016 610
3668 611
3438 612
743 613
3198 614
32 615
2049 616
2716 617
1282 618
1831 619
2529 620
339 621
329 622
1220 623
2136 624
2133 625
2078 626
277 627
1256 628
1633 629
1042 630
3358 631
899 632
1025 633
3254 634
2001 635
208 636
2424 637
186 638
1221 639
3034 640
3359 641
1080 642
932 643
275 644
1927 645
2375 646
2399 647
2393 648
1377 649
3347 650
2046 651
1372 652
1586 653
333 654
1135 655
2109 656
1583 657
1023 658
543 659
2087 660
3086 661
1676 662
2003 663
592 664
2193 665
1200 666
3812 667
2872 668
3189 669
830 670
3466 671
953 672
3499 673
663 674
2710 675
784 676
249 677
3448 678
454 679
2598 680
3552 681
345 682
216 683
1288 684
1887 685
1498 686
986 687
3146 688
2539 689
440 690
515 691
2712 692
2639 693
3160 694
231 695
2106 696
1665 697
3101 698
2507 699
2907 700
2706 701
1461 702
2325 703
1753 704
2306 705
2335 706
342 707
3396 708
1546 709
246 710
2883 711
85 712
2746 713
1777 714
2616 715
3362 716
3658 717
3897 718
934 719
1641 720
3785 721
999 722
2871 723
1331 724
3070 725
316 726
421 727
1129 728
3269 729
153 730
2528 731
2822 732
3745 733
60 734
1009 735
517 736
2414 737
2641 738
434 739
2370 740
1216 741
3494 742
1479 743
1982 744
2920 745
2243 746
3081 747
2976 748
1263 749
2572 750
2694 751
2731 752
2485 753
2391 754
1487 755
1883 756
500 757
3798 758
3646 759
1625 760
2387 761
553 762
1608 763
3535 764
2719 765
3301 766
2724 767
3773 768
2581 769
2567 770
3566 771
539 772
70 773
1783 774
1672 775
1702 776
3624 777
2273 778
2605 779
1892 780
748 781
2961 782
788 783
3004 784
2272 785
3261 786
1092 787
2394 788
1644 789
1422 790
832 791
3461 792
3145 793
160 794
257 795
2676 796
1645 797
2389 798
762 799
1396 800
1804 801
141 802
2713 803
2761 804
2568 805
2629 806
3516 807
2643 808
2555 809
1911 810
2369 811
2701 812
2720 813
2856 814
2975 815
340 816
3696 817
610 818
2346 819
2752 820
3457 821
942 822
3375 823
3594 824
2660 825
2553 826
3267 827
3713 828
2663 829
2454 830
3662 831
2455 832
741 833
2600 834
2549 835
1624 836
293 837
3638 838
3932 839
1601 840
3503 841
2117 842
2664 843
1077 844
3033 845
2554 846
1779 847
2542 848
2311 849
2527 850
503 851
2533 852
2377 853
319 854
2140 855
2021 856
496 857
3827 858
1748 859
1614 860
1997 861
2661 862
3417 863
1301 864
2912 865
3576 866
913 867
235 868
1284 869
2116 870
3700 871
1179 872
1428 873
707 874
2526 875
3879 876
2667 877
2010 878
446 879
1185 880
2011 881
2985 882
198 883
164 884
2668 885
247 886
2287 887
1206 888
76 889
3032 890
3701 891
2123 892
2422 893
86 894
1499 895
2142 896
3440 897
940 898
313 899
1073 900
26 901
3698 902
405 903
1739 904
1882 905
3639 906
2739 907
327 908
232 909
1032 910
2145 911
3877 912
2404 913
3705 914
1907 915
3635 916
1033 917
2573 918
3397 919
44 920
485 921
3911 922
1126 923
2167 924
532 925
2052 926
2248 927
292 928
2076 929
3633 930
3526 931
1805 932
2348 933
353 934
1367 935
546 936
475 937
2421 938
1242 939
1186 940
493 941
3704 942
2893 943
2025 944
1876 945
2989 946
2953 947
2083 948
1013 949
1587 950
262 951
839 952
1344 953
2993 954
1391 955
1275 956
2020 957
3479 958
1005 959
302 960
168 961
2093 962
222 963
261 964
2373 965
2089 966
2042 967
2951 968
291 969
2764 970
2718 971
2450 972
737 973
2085 974
1591 975
1956 976
10 977
2763 978
2402 979
1606 980
158 981
2807 982
616 983
1378 984
3889 985
2648 986
2502 987
1219 988
1334 989
3082 990
842 991
1262 992
2574 993
879 994
2366 995
2103 996
2790 997
3208 998
2782 999
1994 1000
2367 1001
2991 1002
2633 1003
2653 1004
2644 1005
3863 1006
1339 1007
2888 1008
1340 1009
2717 1010
1258 1011
2160 1012
2841 1013
2139 1014
2647 1015
2064 1016
2949 1017
785 1018
2646 1019
1974 1020
2789 1021
420 1022
2707 1023
1792 1024
2860 1025
1655 1026
1717 1027
1407 1028
3596 1029
3325 1030
2338 1031
3752 1032
2649 1033
1373 1034
1468 1035
3000 1036
2800 1037
3053 1038
585 1039
3268 1040
3774 1041
2195 1042
1034 1043
1689 1044
473 1045
1991 1046
2671 1047
3017 1048
81 1049
2122 1050
145 1051
3450 1052
2141 1053
798 1054
185 1055
2004 1056
3917 1057
1205 1058
3052 1059
2792 1060
3258 1061
708 1062
3896 1063
2072 1064
2249 1065
2150 1066
833 1067
2416 1068
1799 1069
1438 1070
112 1071
466 1072
2054 1073
2413 1074
1347 1075
2189 1076
3388 1077
429 1078
256 1079
1047 1080
910 1081
678 1082
3210 1083
818 1084
1222 1085
3661 1086
2163 1087
65 1088
2263 1089
3355 1090
786 1091
2134 1092
2265 1093
2012 1094
2794 1095
312 1096
799 1097
1425 1098
2478 1099
849 1100
2795 1101
771 1102
3020 1103
11 1104
2176 1105
2119 1106
556 1107
1227 1108
2917 1109
1212 1110
3420 1111
674 1112
2149 1113
2148 1114
2410 1115
3265 1116
3708 1117
1248 1118
1845 1119
3435 1120
3920 1121
1306 1122
2419 1123
2511 1124
2259 1125
1249 1126
3507 1127
431 1128
196 1129
2411 1130
3044 1131
45 1132
125 1133
1267 1134
29 1135
3740 1136
2322 1137
3551 1138
187 1139
951 1140
1388 1141
1189 1142
1674 1143
2241 1144
1199 1145
3741 1146
2726 1147
1965 1148
3763 1149
317 1150
3521 1151
3300 1152
2973 1153
3474 1154
3952 1155
903 1156
521 1157
2409 1158
661 1159
2757 1160
3707 1161
425 1162
2836 1163
2352 1164
1958 1165
2132 1166
3354 1167
1027 1168
3424 1169
2915 1170
175 1171
303 1172
372 1173
468 1174
3129 1175
2144 1176
1663 1177
3104 1178
2245 1179
2709 1180
2693 1181
2253 1182
3156 1183
1920 1184
157 1185
3676 1186
688 1187
3846 1188
2059 1189
413 1190
2463 1191
2266 1192
491 1193
1713 1194
3506 1195
1015 1196
1541 1197
628 1198
2053 1199
1003 1200
3590 1201
1556 1202
3152 1203
2875 1204
432 1205
724 1206
378 1207
2316 1208
2392 1209
3502 1210
416 1211
1880 1212
1593 1213
3040 1214
3130 1215
2459 1216
2950 1217
499 1218
1302 1219
2154 1220
2906 1221
673 1222
605 1223
612 1224
3614 1225
2420 1226
550 1227
3287 1228
1463 1229
1640 1230
3274 1231
1703 1232
2473 1233
445 1234
1021 1235
3584 1236
3360 1237
2146 1238
361 1239
3098 1240
540 1241
2403 1242
719 1243
511 1244
350 1245
1390 1246
252 1247
3056 1248
3248 1249
487 1250
1100 1251
694 1252
3690 1253
471 1254
3426 1255
1888 1256
3361 1257
3423 1258
424 1259
3308 1260
122 1261
3 1262
94 1263
315 1264
118 1265
450 1266
441 1267
2418 1268
5 1269
1298 1270
38 1271
2798 1272
609 1273
217 1274
3331 1275
3206 1276
804 1277
2014 1278
852 1279
3835 1280
278 1281
195 1282
236 1283
7 1284
463 1285
1381 1286
135 1287
3422 1288
234 1289
3063 1290
2779 1291
237 1292
74 1293
3543 1294
1833 1295
1285 1296
207 1297
2269 1298
1254 1299
1237 1300
955 1301
947 1302
916 1303
930 1304
528 1305
3683 1306
2066 1307
3364 1308
3730 1309
2186 1310
905 1311
3072 1312
922 1313
3548 1314
906 1315
3097 1316
144 1317
2550 1318
901 1319
846 1320
928 1321
334 1322
1208 1323
1660 1324
2534 1325
3726 1326
494 1327
3370 1328
3836 1329
3654 1330
3769 1331
3197 1332
2363 1333
2944 1334
3405 1335
3102 1336
3062 1337
1922 1338
1176 1339
3006 1340
3949 1341
3943 1342
3554 1343
1041 1344
1657 1345
921 1346
1235 1347
933 1348
3200 1349
1937 1350
3022 1351
3088 1352
3462 1353
3640 1354
2065 1355
3349 1356
2747 1357
957 1358
2780 1359
3028 1360
3341 1361
2208 1362
1297 1363
946 1364
961 1365
1976 1366
2135 1367
2935 1368
2922 1369
3821 1370
3429 1371
3286 1372
3159 1373
3556 1374
3079 1375
3787 1376
154 1377
2433 1378
1348 1379
2313 1380
3599 1381
1272 1382
2637 1383
2178 1384
3727 1385
1946 1386
2612 1387
2183 1388
2124 1389
1333 1390
2118 1391
1299 1392
1300 1393
2344 1394
2206 1395
3505 1396
1017 1397
2817 1398
2674 1399
2071 1400
971 1401
3230 1402
3018 1403
1680 1404
2983 1405
3244 1406
565 1407
3498 1408
2565 1409
952 1410
2288 1411
2467 1412
927 1413
907 1414
1464 1415
3733 1416
3204 1417
2941 1418
1295 1419
3019 1420
3844 1421
2867 1422
2303 1423
3203 1424
949 1425
3504 1426
1699 1427
1183 1428
1152 1429
569 1430
3121 1431
1321 1432
3546 1433
3935 1434
3682 1435
1085 1436
2650 1437
3167 1438
1231 1439
1785 1440
3587 1441
2926 1442
931 1443
2638 1444
1094 1445
1086 1446
3760 1447
3271 1448
3219 1449
1350 1450
1835 1451
3597 1452
2378 1453
455 1454
2796 1455
497 1456
2380 1457
2558 1458
3712 1459
2382 1460
837 1461
2471 1462
1895 1463
3649 1464
824 1465
3061 1466
2932 1467
1733 1468
1949 1469
1251 1470
2942 1471
3512 1472
2385 1473
2611 1474
803 1475
1964 1476
3549 1477
3788 1478
3871 1479
3725 1480
155 1481
3831 1482
863 1483
2969 1484
2239 1485
1945 1486
3467 1487
945 1488
3567 1489
948 1490
2171 1491
1419 1492
2238 1493
938 1494
2919 1495
1760 1496
911 1497
2019 1498
728 1499
28 1500
2863 1501
3091 1502
3060 1503
1081 1504
2682 1505
2331 1506
3681 1507
1162 1508
2088 1509
965 1510
2474 1511
3852 1512
1701 1513
2972 1514
3706 1515
3196 1516
2722 1517
1395 1518
1603 1519
178 1520
1960 1521
1172 1522
1827 1523
172 1524
3263 1525
507 1526
30 1527
2155 1528
2432 1529
1616 1530
2774 1531
2815 1532
449 1533
3142 1534
1480 1535
3441 1536
2334 1537
2540 1538
1147 1539
3697 1540
233 1541
1457 1542
1977 1543
3399 1544
779 1545
2805 1546
2677 1547
46 1548
64 1549
1353 1550
691 1551
1894 1552
490 1553
13 1554
381 1555
92 1556
3157 1557
3005 1558
2772 1559
2524 1560
2202 1561
2537 1562
2748 1563
258 1564
173 1565
2669 1566
2430 1567
3927 1568
976 1569
3412 1570
3643 1571
897 1572
3519 1573
1658 1574
2546 1575
1037 1576
3758 1577
2408 1578
66 1579
2642 1580
3780 1581
1924 1582
2520 1583
3770 1584
2034 1585
1429 1586
3555 1587
1518 1588
3802 1589
2456 1590
3807 1591
379 1592
2461 1593
3251 1594
2846 1595
3612 1596
2097 1597
2460 1598
2107 1599
1952 1600
3771 1601
891 1602
1985 1603
1983 1604
1064 1605
1754 1606
3398 1607
1772 1608
2077 1609
2110 1610
107 1611
1986 1612
3436 1613
2037 1614
566 1615
3814 1616
469 1617
900 1618
937 1619
2339 1620
371 1621
1571 1622
1398 1623
1875 1624
753 1625
205 1626
1632 1627
1914 1628
2205 1629
35 1630
1453 1631
2417 1632
2870 1633
2738 1634
3540 1635
1414 1636
1677 1637
218 1638
355 1639
305 1640
2468 1641
447 1642
1666 1643
2443 1644
2492 1645
2415 1646
276 1647
489 1648
2168 1649
1083 1650
1014 1651
2262 1652
2849 1653
2247 1654
1600 1655
1821 1656
289 1657
2426 1658
633 1659
1226 1660
1782 1661
3684 1662
3045 1663
909 1664
697 1665
2292 1666
2523 1667
847 1668
1981 1669
3273 1670
1972 1671
1327 1672
3939 1673
1980 1674
1975 1675
1978 1676
1970 1677
1969 1678
3280 1679
1979 1680
366 1681
1562 1682
423 1683
3243 1684
1752 1685
2990 1686
533 1687
62 1688
267 1689
2016 1690
3483 1691
996 1692
54 1693
1944 1694
1459 1695
2827 1696
3615 1697
15 1698
419 1699
453 1700
2857 1701
1359 1702
1694 1703
3926 1704
1310 1705
492 1706
516 1707
2531 1708
2379 1709
2050 1710
2921 1711
1526 1712
518 1713
2532 1714
2401 1715
829 1716
486 1717
3477 1718
599 1719
19 1720
1474 1721
346 1722
336 1723
2152 1724
836 1725
1602 1726
2412 1727
514 1728
280 1729
1797 1730
3404 1731
1011 1732
170 1733
239 1734
575 1735
159 1736
1054 1737
376 1738
89 1739
3616 1740
23 1741
2007 1742
3509 1743
3390 1744
2500 1745
3553 1746
3618 1747
3617 1748
1337 1749
3861 1750
2232 1751
3764 1752
3557 1753
1342 1754
123 1755
2120 1756
3285 1757
1177 1758
1352 1759
2787 1760
1726 1761
3919 1762
2840 1763
184 1764
2986 1765
2781 1766
2517 1767
561 1768
3326 1769
1031 1770
1848 1771
1483 1772
290 1773
326 1774
1590 1775
2808 1776
365 1777
2038 1778
1184 1779
3747 1780
2328 1781
1861 1782
1648 1783
1623 1784
415 1785
341 1786
1913 1787
571 1788
1051 1789
764 1790
190 1791
3693 1792
1619 1793
242 1794
2750 1795
3464 1796
436 1797
3550 1798
1522 1799
519 1800
1061 1801
268 1802
148 1803
522 1804
2264 1805
718 1806
1211 1807
1769 1808
1365 1809
766 1810
3620 1811
580 1812
3930 1813
3393 1814
309 1815
269 1816
2956 1817
880 1818
617 1819
2143 1820
100 1821
448 1822
3478 1823
950 1824
3092 1825
1950 1826
2575 1827
1305 1828
3660 1829
1711 1830
382 1831
3605 1832
2349 1833
3342 1834
1190 1835
126 1836
322 1837
3307 1838
2606 1839
358 1840
1611 1841
18 1842
2851 1843
3179 1844
456 1845
193 1846
2613 1847
2793 1848
1686 1849
1173 1850
3571 1851
2901 1852
1620 1853
3918 1854
307 1855
188 1856
611 1857
1417 1858
1057 1859
2447 1860
2112 1861
55 1862
1621 1863
281 1864
2114 1865
735 1866
2165 1867
3049 1868
3217 1869
2788 1870
3672 1871
2786 1872
3484 1873
3864 1874
3799 1875
3794 1876
2310 1877
3797 1878
3664 1879
3937 1880
3663 1881
695 1882
3923 1883
1862 1884
2315 1885
1010 1886
2365 1887
2184 1888
1224 1889
2057 1890
3328 1891
3024 1892
2744 1893
392 1894
2364 1895
1311 1896
3185 1897
1228 1898
3134 1899
1066 1900
615 1901
1421 1902
2670 1903
3816 1904
959 1905
1935 1906
3545 1907
1303 1908
3414 1909
3469 1910
3089 1911
3808 1912
1951 1913
978 1914
3224 1915
3811 1916
1241 1917
3742 1918
3655 1919
314 1920
113 1921
1180 1922
513 1923
2153 1924
3882 1925
3190 1926
3238 1927
3743 1928
3908 1929
3564 1930
3511 1931
3316 1932
3784 1933
3738 1934
1432 1935
3011 1936
2177 1937
3365 1938
3317 1939
1281 1940
2130 1941
1477 1942
418 1943
806 1944
3634 1945
3430 1946
3613 1947
2472 1948
2819 1949
451 1950
3529 1951
1363 1952
410 1953
3330 1954
2079 1955
782 1956
1938 1957
848 1958
3350 1959
225 1960
1099 1961
3109 1962
3015 1963
1078 1964
3929 1965
132 1966
630 1967
1629 1968
956 1969
1931 1970
974 1971
1050 1972
2436 1973
3201 1974
2435 1975
254 1976
3518 1977
279 1978
2940 1979
1082 1980
1450 1981
182 1982
3724 1983
3110 1984
929 1985
437 1986
3729 1987
2069 1988
2939 1989
79 1990
2341 1991
1209 1992
2820 1993
78 1994
960 1995
1401 1996
1366 1997
3103 1998
664 1999
2560 2000
1707 2001
2678 2002
2672 2003
3115 2004
3007 2005
1416 2006
2913 2007
2803 2008
9 2009
2929 2010
1939 2011
2690 2012
3112 2013
3069 2014
2434 2015
2439 2016
40 2017
1904 2018
2979 2019
2828 2020
2995 2021
3124 2022
82 2023
2625 2024
2879 2025
2196 2026
2170 2027
2448 2028
3767 2029
990 2030
240 2031
692 2032
704 2033
8 2034
464 2035
2583 2036
869 2037
2036 2038
2899 2039
2354 2040
700 2041
577 2042
1495 2043
558 2044
146 2045
801 2046
1018 2047
631 2048
2162 2049
181 2050
1551 2051
2092 2052
1588 2053
711 2054
1582 2055
1654 2056
1460 2057
362 2058
1592 2059
3400 2060
885 2061
634 2062
3783 2063
536 2064
2457 2065
3898 2066
1131 2067
2882 2068
2771 2069
2596 2070
3282 2071
417 2072
3606 2073
156 2074
2971 2075
1024 2076
72 2077
2024 2078
2873 2079
1178 2080
1218 2081
2924 2082
973 2083
3093 2084
3686 2085
2861 2086
941 2087
2125 2088
3859 2089
3825 2090
3299 2091
3118 2092
2347 2093
583 2094
1112 2095
2157 2096
3384 2097
826 2098
390 2099
3067 2100
477 2101
2060 2102
294 2103
2505 2104
1858 2105
63 2106
1627 2107
993 2108
2027 2109
2880 2110
12 2111
373 2112
2582 2113
1238 2114
2559 2115
709 2116
2714 2117
1750 2118
1595 2119
1605 2120
2084 2121
1405 2122
3454 2123
2491 2124
360 2125
2048 2126
3515 2127
2102 2128
886 2129
2566 2130
3776 2131
3895 2132
1881 2133
810 2134
3604 2135
667 2136
1599 2137
1681 2138
3054 2139
2816 2140
502 2141
204 2142
2376 2143
1130 2144
3933 2145
1280 2146
1542 2147
1727 2148
1069 2149
2904 2150
944 2151
3284 2152
1936 2153
1929 2154
1596 2155
2210 2156
2203 2157
936 2158
2937 2159
1507 2160
2204 2161
2936 2162
1934 2163
2938 2164
1161 2165
3901 2166
3453 2167
3841 2168
3936 2169
3946 2170
3872 2171
3791 2172
3580 2173
2337 2174
851 2175
3177 2176
3754 2177
3357 2178
1755 2179
3915 2180
998 2181
2285 2182
1515 2183
3029 2184
534 2185
3340 2186
1167 2187
2181 2188
1925 2189
1942 2190
1661 2191
2212 2192
3913 2193
3938 2194
3925 2195
2098 2196
1731 2197
1260 2198
1325 2199
2182 2200
3327 2201
1971 2202
3883 2203
2147 2204
2099 2205
3873 2206
3537 2207
1995 2208
1329 2209
3694 2210
2476 2211
3840 2212
251 2213
3941 2214
1999 2215
1128 2216
1996 2217
1992 2218
2327 2219
324 2220
328 2221
2462 2222
1326 2223
2818 2224
3806 2225
1987 2226
2645 2227
1988 2228
1993 2229
2451 2230
1328 2231
2877 2232
2634 2233
332 2234
3942 2235
2519 2236
3491 2237
2665 2238
2113 2239
606 2240
2104 2241
2878 2242
407 2243
2026 2244
2515 2245
177 2246
3480 2247
2525 2248
2635 2249
3013 2250
2652 2251
3138 2252
3406 2253
2978 2254
892 2255
1919 2256
3538 2257
2876 2258
241 2259
3934 2260
742 2261
2749 2262
1984 2263
3849 2264
2518 2265
1290 2266
1389 2267
3766 2268
1890 2269
3211 2270
1807 2271
273 2272
3497 2273
3792 2274
20 2275
259 2276
3111 2277
3071 2278
2736 2279
2121 2280
603 2281
3304 2282
387 2283
3403 2284
2343 2285
875 2286
3389 2287
1841 2288
2383 2289
687 2290
2866 2291
71 2292
3710 2293
2374 2294
2741 2295
2242 2296
1355 2297
544 2298
3014 2299
3169 2300
458 2301
22 2302
3465 2303
3001 2304
3270 2305
3387 2306
2381 2307
2745 2308
101 2309
3078 2310
461 2311
2721 2312
1063 2313
1415 2314
1879 2315
3865 2316
3822 2317
1889 2318
3795 2319
2561 2320
991 2321
3720 2322
3857 2323
3756 2324
715 2325
2284 2326
3132 2327
3073 2328
3154 2329
3311 2330
1053 2331
1662 2332
1313 2333
1404 2334
467 2335
42 2336
1472 2337
1439 2338
1647 2339
3366 2340
3444 2341
1855 2342
97 2343
406 2344
649 2345
1859 2346
211 2347
2609 2348
2925 2349
117 2350
535 2351
1900 2352
3910 2353
3125 2354
1354 2355
2697 2356
3182 2357
3819 2358
3416 2359
668 2360
147 2361
3746 2362
306 2363
781 2364
645 2365
1543 2366
665 2367
1860 2368
2361 2369
3579 2370
1762 2371
3719 2372
1111 2373
3094 2374
3813 2375
2356 2376
3395 2377
3473 2378
549 2379
171 2380
793 2381
1454 2382
1780 2383
1856 2384
3392 2385
1187 2386
1932 2387
2497 2388
2998 2389
2360 2390
213 2391
512 2392
3539 2393
2495 2394
3679 2395
206 2396
3627 2397
1941 2398
3801 2399
2570 2400
2862 2401
3855 2402
3853 2403
3834 2404
2801 2405
2290 2406
3292 2407
3371 2408
935 2409
2301 2410
3135 2411
760 2412
1667 2413
2250 2414
3431 2415
426 2416
3433 2417
2626 2418
408 2419
3394 2420
2615 2421
1445 2422
338 2423
3434 2424
169 2425
870 2426
1008 2427
3585 2428
3768 2429
548 2430
2240 2431
374 2432
227 2433
460 2434
808 2435
2494 2436
3055 2437
2594 2438
1202 2439
1123 2440
482 2441
1910 2442
391 2443
1516 2444
3192 2445
2280 2446
308 2447
787 2448
363 2449
320 2450
3903 2451
2696 2452
2231 2453
1055 2454
2812 2455
2769 2456
3718 2457
1289 2458
2859 2459
3858 2460
1963 2461
3077 2462
3117 2463
481 2464
759 2465
2357 2466
202 2467
3302 2468
179 2469
140 2470
3823 2471
1612 2472
3860 2473
3598 2474
2962 2475
3225 2476
3581 2477
1564 2478
3749 2479
3324 2480
3275 2481
987 2482
3950 2483
1539 2484
1767 2485
638 2486
1896 2487
68 2488
2482 2489
574 2490
427 2491
2279 2492
325 2493
3415 2494
3470 2495
3884 2496
1581 2497
637 2498
3874 2499
2295 2500
352 2501
271 2502
2977 2503
564 2504
1194 2505
3036 2506
1273 2507
2905 2508
639 2509
1998 2510
1812 2511
2730 2512
83 2513
2988 2514
523 2515
2068 2516
2022 2517
602 2518
1361 2519
214 2520
152 2521
1473 2522
2516 2523
2898 2524
1489 2525
166 2526
1475 2527
2514 2528
809 2529
1902 2530
1897 2531
479 2532
2965 2533
98 2534
1973 2535
1869 2536
1497 2537
1771 2538
1119 2539
2835 2540
1456 2541
3709 2542
330 2543
1744 2544
2597 2545
2996 2546
3592 2547
3921 2548
3520 2549
3922 2550
1255 2551
3924 2552
984 2553
2368 2554
2551 2555
3401 2556
2504 2557
831 2558
1613 2559
3262 2560
2513 2561
1192 2562
88 2563
3674 2564
1928 2565
1930 2566
3329 2567
1728 2568
876 2569
2587 2570
1169 2571
3010 2572
970 2573
183 2574
3885 2575
2440 2576
2824 2577
1631 2578
3090 2579
3241 2580
3047 2581
3837 2582
2927 2583
1068 2584
3075 2585
2544 2586
2970 2587
3235 2588
2351 2589
3680 2590
670 2591
3951 2592
2630 2593
3002 2594
3568 2595
1264 2596
3514 2597
2512 2598
1232 2599
2488 2600
3475 2601
659 2602
3456 2603
2830 2604
1132 2605
3914 2606
3736 2607
1933 2608
1413 2609
2659 2610
2729 2611
2689 2612
3731 2613
3789 2614
854 2615
2732 2616
3281 2617
3127 2618
2590 2619
2271 2620
1044 2621
3041 2622
3385 2623
3715 2624
2372 2625
3144 2626
3076 2627
31 2628
2261 2629
1825 2630
69 2631
2475 2632
1323 2633
2552 2634
1547 2635
483 2636
2994 2637
388 2638
1811 2639
3128 2640
1725 2641
2493 2642
2437 2643
1465 2644
2276 2645
209 2646
685 2647
1397 2648
57 2649
2679 2650
301 2651
621 2652
43 2653
613 2654
84 2655
2610 2656
2963 2657
3008 2658
2621 2659
2479 2660
988 2661
3711 2662
1482 2663
3839 2664
1609 2665
1062 2666
1866 2667
547 2668
3810 2669
3886 2670
1004 2671
2614 2672
761 2673
504 2674
1399 2675
137 2676
3096 2677
3909 2678
776 2679
2829 2680
3150 2681
747 2682
2844 2683
767 2684
3532 2685
495 2686
2585 2687
3181 2688
635 2689
2425 2690
3158 2691
1741 2692
2974 2693
632 2694
525 2695
2483 2696
1891 2697
813 2698
3031 2699
3459 2700
255 2701
1105 2702
1502 2703
93 2704
1058 2705
3245 2706
1503 2707
67 2708
627 2709
1796 2710
2579 2711
2602 2712
1646 2713
1816 2714
409 2715
27 2716
1550 2717
295 2718
2445 2719
3761 2720
3628 2721
1604 2722
1874 2723
3162 2724
2169 2725
174 2726
3180 2727
433 2728
2651 2729
1746 2730
2889 2731
191 2732
1346 2733
430 2734
1854 2735
414 2736
2589 2737
2695 2738
1642 2739
3945 2740
2307 2741
2129 2742
3947 2743
149 2744
3165 2745
2785 2746
1523 2747
1427 2748
1317 2749
1410 2750
2999 2751
2809 2752
2891 2753
2345 2754
1857 2755
3120 2756
3870 2757
444 2758
3064 2759
2051 2760
3496 2761
2296 2762
2255 2763
3048 2764
1863 2765
119 2766
1839 2767
2032 2768
102 2769
964 2770
3427 2771
131 2772
3622 2773
3695 2774
3689 2775
2286 2776
2035 2777
537 2778
3043 2779
3161 2780
3042 2781
3653 2782
2151 2783
3804 2784
2900 2785
2928 2786
3902 2787
1076 2788
438 2789
835 2790
1484 2791
3716 2792
3547 2793
263 2794
2330 2795
3562 2796
2865 2797
2964 2798
1150 2799
3187 2800
1664 2801
662 2802
877 2803
1533 2804
570 2805
3272 2806
3320 2807
3432 2808
2766 2809
2569 2810
3563 2811
2062 2812
2305 2813
3050 2814
2075 2815
3544 2816
1508 2817
751 2818
128 2819
3830 2820
1236 2821
811 2822
2897 2823
77 2824
3577 2825
2008 2826
3851 2827
3854 2828
958 2829
3221 2830
250 2831
3215 2832
3734 2833
844 2834
3586 2835
1423 2836
3714 2837
1471 2838
2704 2839
3222 2840
2654 2841
3487 2842
1943 2843
3367 2844
2656 2845
1382 2846
2902 2847
2477 2848
3732 2849
210 2850
2627 2851
505 2852
1114 2853
3867 2854
1134 2855
1870 2856
2751 2857
3765 2858
3572 2859
619 2860
2799 2861
2848 2862
1598 2863
1824 2864
3488 2865
3058 2866
2740 2867
3021 2868
2903 2869
2636 2870
2992 2871
2784 2872
3573 2873
841 2874
1335 2875
1330 2876
3351 2877
3833 2878
2655 2879
3339 2880
2095 2881
3569 2882
882 2883
2886 2884
755 2885
3820 2886
834 2887
652 2888
3777 2889
3345 2890
917 2891
3214 2892
3677 2893
3346 2894
1990 2895
3318 2896
600 2897
3344 2898
656 2899
1695 2900
2545 2901
2855 2902
3335 2903
2868 2904
1165 2905
3651 2906
3119 2907
1002 2908
3372 2909
2458 2910
2362 2911
867 2912
3692 2913
840 2914
1164 2915
1822 2916
1437 2917
865 2918
2446 2919
274 2920
1679 2921
3531 2922
3669 2923
1362 2924
3188 2925
1670 2926
1743 2927
3446 2928
681 2929
2548 2930
3838 2931
1332 2932
3276 2933
3310 2934
3133 2935
3782 2936
2323 2937
3781 2938
1940 2939
484 2940
1826 2941
2219 2942
3038 2943
3379 2944
2256 2945
3289 2946
375 2947
2180 2948
331 2949
2521 2950
726 2951
2386 2952
2237 2953
3445 2954
3824 2955
1563 2956
3343 2957
1163 2958
2843 2959
2933 2960
3338 2961
1384 2962
722 2963
2825 2964
1490 2965
1525 2966
1798 2967
243 2968
488 2969
1351 2970
1791 2971
422 2972
2885 2973
997 2974
335 2975
75 2976
2267 2977
1651 2978
2281 2979
2175 2980
3183 2981
1006 2982
287 2983
2400 2984
1067 2985
982 2986
1383 2987
2810 2988
49 2989
2620 2990
3670 2991
1749 2992
939 2993
1817 2994
124 2995
3391 2996
2260 2997
893 2998
354 2999
2073 3000
283 3001
640 3002
725 3003
2767 3004
2298 3005
1669 3006
201 3007
881 3008
3626 3009
807 3010
2896 3011
2055 3012
1153 3013
1906 3014
96 3015
1406 3016
2673 3017
2063 3018
3817 3019
2754 3020
3637 3021
3843 3022
1341 3023
2853 3024
2618 3025
106 3026
1455 3027
705 3028
2715 3029
1758 3030
228 3031
2837 3032
828 3033
1496 3034
626 3035
3739 3036
2179 3037
3912 3038
3293 3039
2535 3040
3240 3041
1795 3042
1538 3043
3667 3044
2044 3045
3790 3046
2854 3047
129 3048
2128 3049
2847 3050
3490 3051
3691 3052
3428 3053
2326 3054
2982 3055
3832 3056
2737 3057
3625 3058
3106 3059
2275 3060
1837 3061
1133 3062
1113 3063
347 3064
1720 3065
568 3066
1440 3067
2931 3068
3410 3069
578 3070
411 3071
658 3072
2911 3073
3892 3074
3122 3075
3143 3076
3141 3077
1585 3078
2481 3079
2768 3080
2201 3081
2342 3082
1656 3083
343 3084
1000 3085
1312 3086
2499 3087
470 3088
56 3089
462 3090
121 3091
87 3092
2624 3093
3931 3094
3648 3095
1893 3096
2708 3097
2388 3098
716 3099
99 3100
1579 3101
37 3102
2522 3103
2487 3104
3900 3105
1844 3106
3721 3107
2131 3108
2056 3109
1511 3110
731 3111
1809 3112
1447 3113
61 3114
1056 3115
2586 3116
2850 3117
1531 3118
2486 3119
3239 3120
200 3121
270 3122
2158 3123
3737 3124
2894 3125
1899 3126
1087 3127
3875 3128
754 3129
2743 3130
114 3131
1626 3132
3940 3133
443 3134
1853 3135
3313 3136
2753 3137
3442 3138
992 3139
2164 3140
2227 3141
1867 3142
2211 3143
3291 3144
3632 3145
472 3146
888 3147
2666 3148
680 3149
3611 3150
3759 3151
3775 3152
3878 3153
1570 3154
2190 3155
2173 3156
402 3157
3137 3158
2864 3159
297 3160
2631 3161
1549 3162
80 3163
3588 3164
369 3165
3199 3166
2464 3167
2681 3168
1336 3169
1168 3170
3140 3171
2869 3172
3944 3173
3906 3174
3899 3175
1026 3176
2892 3177
3866 3178
3894 3179
3025 3180
3407 3181
1170 3182
3463 3183
2452 3184
2842 3185
136 3186
3378 3187
2074 3188
1567 3189
3223 3190
3449 3191
710 3192
2466 3193
386 3194
554 3195
2200 3196
2465 3197
545 3198
2086 3199
385 3200
2773 3201
1040 3202
2593 3203
3803 3204
1412 3205
2760 3206
2755 3207
3575 3208
2884 3209
238 3210
2397 3211
2733 3212
1696 3213
103 3214
3845 3215
298 3216
3306 3217
304 3218
1494 3219
478 3220
1458 3221
2778 3222
2509 3223
2727 3224
3647 3225
244 3226
2914 3227
1322 3228
3665 3229
2185 3230
2317 3231
1864 3232
2675 3233
2577 3234
2215 3235
2510 3236
2834 3237
1871 3238
1829 3239
3026 3240
2156 3241
2251 3242
3880 3243
1561 3244
614 3245
1659 3246
1151 3247
359 3248
3495 3249
1668 3250
3319 3251
310 3252
925 3253
3673 3254
1901 3255
2283 3256
2449 3257
3805 3258
452 3259
384 3260
2244 3261
1989 3262
1575 3263
756 3264
2813 3265
2538 3266
1814 3267
2191 3268
3850 3269
850 3270
3800 3271
792 3272
2536 3273
3218 3274
2981 3275
3402 3276
821 3277
3645 3278
1426 3279
2934 3280
1144 3281
3368 3282
814 3283
1636 3284
1622 3285
394 3286
980 3287
1102 3288
2246 3289
2945 3290
1160 3291
2197 3292
2775 3293
744 3294
2187 3295
1574 3296
3574 3297
2691 3298
1486 3299
220 3300
167 3301
559 3302
1154 3303
1504 3304
33 3305
397 3306
1071 3307
746 3308
702 3309
59 3310
1572 3311
3602 3312
3171 3313
1671 3314
3482 3315
3126 3316
3333 3317
2658 3318
3139 3319
2711 3320
1324 3321
189 3322
108 3323
1898 3324
2758 3325
2756 3326
3209 3327
2192 3328
3796 3329
1519 3330
2960 3331
1098 3332
1369 3333
1493 3334
2923 3335
2839 3336
3374 3337
1846 3338
3772 3339
3847 3340
3027 3341
2257 3342
3012 3343
1865 3344
1149 3345
669 3346
3570 3347
2031 3348
3848 3349
3437 3350
598 3351
563 3352
3659 3353
53 3354
245 3355
264 3356
526 3357
2705 3358
3116 3359
758 3360
1872 3361
672 3362
2503 3363
698 3364
3636 3365
2441 3366
730 3367
729 3368
1116 3369
2233 3370
567 3371
197 3372
682 3373
895 3374
862 3375
962 3376
1926 3377
120 3378
2172 3379
1565 3380
1793 3381
618 3382
3757 3383
1501 3384
703 3385
2209 3386
3003 3387
967 3388
3486 3389
3492 3390
2814 3391
641 3392
2776 3393
1675 3394
2765 3395
985 3396
1436 3397
1038 3398
769 3399
2576 3400
192 3401
2127 3402
1850 3403
712 3404
3657 3405
2831 3406
3862 3407
2358 3408
1692 3409
1181 3410
2562 3411
1849 3412
1121 3413
3205 3414
3644 3415
401 3416
2350 3417
3559 3418
2221 3419
389 3420
2207 3421
3131 3422
1315 3423
3228 3424
864 3425
2578 3426
219 3427
3305 3428
212 3429
3380 3430
3891 3431
643 3432
3888 3433
2632 3434
3419 3435
823 3436
2619 3437
1877 3438
1349 3439
3722 3440
2101 3441
3905 3442
853 3443
3904 3444
1548 3445
1433 3446
1903 3447
666 3448
1360 3449
2984 3450
3601 3451
2061 3452
1787 3453
1145 3454
1764 3455
2742 3456
3212 3457
2293 3458
623 3459
3687 3460
142 3461
1908 3462
2235 3463
2821 3464
1852 3465
977 3466
1510 3467
3220 3468
734 3469
644 3470
2484 3471
3166 3472
1142 3473
651 3474
660 3475
3216 3476
2332 3477
2887 3478
1558 3479
3493 3480
3887 3481
3828 3482
1115 3483
3621 3484
859 3485
3641 3486
1718 3487
789 3488
3778 3489
796 3490
601 3491
579 3492
1553 3493
3312 3494
1630 3495
3876 3496
1386 3497
3294 3498
3283 3499
884 3500
3085 3501
1652 3502
573 3503
1444 3504
1685 3505
1528 3506
2591 3507
3595 3508
3523 3509
815 3510
1520 3511
3642 3512
775 3513
2304 3514
1420 3515
2557 3516
1174 3517
1534 3518
690 3519
684 3520
1773 3521
3652 3522
3277 3523
3666 3524
3522 3525
557 3526
3377 3527
1878 3528
706 3529
2226 3530
2234 3531
1815 3532
3288 3533
3352 3534
1117 3535
1770 3536
398 3537
3136 3538
2685 3539
2783 3540
1532 3541
2299 3542
3232 3543
874 3544
2592 3545
1886 3546
966 3547
657 3548
2039 3549
749 3550
3818 3551
642 3552
3297 3553
732 3554
2930 3555
3057 3556
560 3557
3472 3558
139 3559
130 3560
2955 3561
972 3562
1915 3563
2833 3564
1714 3565
90 3566
3207 3567
3314 3568
3533 3569
2823 3570
3322 3571
1830 3572
3881 3573
2777 3574
757 3575
2895 3576
1107 3577
889 3578
981 3579
1470 3580
1138 3581
679 3582
2608 3583
3149 3584
3373 3585
3242 3586
872 3587
3381 3588
3184 3589
1555 3590
3303 3591
3443 3592
3609 3593
791 3594
1430 3595
1724 3596
2223 3597
3233 3598
3237 3599
3172 3600
3065 3601
3631 3602
1139 3603
3603 3604
1851 3605
3842 3606
572 3607
975 3608
3202 3609
3376 3610
2217 3611
311 3612
1905 3613
2258 3614
3236 3615
2444 3616
696 3617
2623 3618
3413 3619
1316 3620
3295 3621
878 3622
1039 3623
3762 3624
226 3625
2811 3626
827 3627
820 3628
2214 3629
607 3630
3517 3631
3337 3632
701 3633
530 3634
3229 3635
763 3636
1514 3637
138 3638
1820 3639
1070 3640
843 3641
3336 3642
1364 3643
3460 3644
133 3645
3123 3646
3290 3647
1709 3648
3315 3649
439 3650
134 3651
2480 3652
2309 3653
887 3654
3084 3655
2218 3656
2308 3657
3748 3658
624 3659
1434 3660
1868 3661
404 3662
3485 3663
2543 3664
591 3665
3656 3666
2438 3667
127 3668
3382 3669
1843 3670
286 3671
2198 3672
2845 3673
582 3674
2909 3675
717 3676
774 3677
576 3678
2556 3679
3151 3680
3542 3681
2563 3682
2584 3683
1118 3684
2277 3685
3321 3686
2254 3687
3458 3688
3353 3689
989 3690
3890 3691
655 3692
790 3693
3779 3694
2213 3695
396 3696
868 3697
584 3698
3164 3699
1832 3700
1842 3701
3323 3702
3530 3703
2703 3704
3607 3705
